K0 = [768 0 768 ;
0 -768 512 ;
0 0 1 ;
]
R0 = [0.978283 -0.0220745 -0.206094 ;
0.0216003 0.999756 -0.00455052 ;
0.206144 0 0.978522 ;
]
H1 = [0.017994 0.00086523 -3.01434 ;
0.00098878 0.0166848 -0.793537 ;
2.72352e-006 5.02354e-007 0.014467 ;
]
